108 110 501 130
74 185 316 208
96 212 456 248
96 252 497 292
96 296 442 340
124 447 448 517
133 798 439 819
154 866 417 902
90 941 482 983
126 1027 444 1048
118 1095 452 1119
141 1124 317 1167
159 1208 401 1252
525 107 955 151
639 170 958 189
586 244 894 265
665 269 894 312
525 429 765 447
542 465 737 486
640 490 958 533
525 548 959 589
606 625 798 647
628 652 878 673
565 727 918 748
558 802 958 823
539 898 929 919
595 922 942 966
525 981 630 1000
577 1016 743 1037
599 1042 958 1063
527 1117 958 1138
632 1192 859 1213
619 1218 865 1239
616 1293 869 1314
232 1258 413 1314
